1 0.150390625 0.0771484375 0.2734375 0.140625
1 0.1513671875 0.169921875 0.27734375 0.1396484375
1 0.4453125 0.08984375 0.2763671875 0.1494140625
1 0.1591796875 0.2626953125 0.2861328125 0.1279296875
1 0.4423828125 0.171875 0.2724609375 0.1474609375
1 0.1572265625 0.3505859375 0.2900390625 0.1240234375
1 0.1708984375 0.4287109375 0.3193359375 0.12890625
1 0.4501953125 0.427734375 0.291015625 0.173828125
1 0.4453125 0.3291015625 0.259765625 0.1435546875
1 0.435546875 0.2490234375 0.248046875 0.12109375
1 0.1572265625 0.529296875 0.2890625 0.189453125
1 0.8125 0.755859375 0.3466796875 0.1025390625
1 0.822265625 0.8798828125 0.3427734375 0.0986328125
1 0.640625 0.5478515625 0.10546875 0.3046875
1 0.1728515625 0.7744140625 0.33203125 0.1240234375
1 0.7529296875 0.54296875 0.080078125 0.33203125
1 0.7509765625 0.1943359375 0.0595703125 0.3525390625
1 0.6416015625 0.19140625 0.044921875 0.3642578125
1 0.6962890625 0.1943359375 0.056640625 0.349609375
1 0.4697265625 0.7763671875 0.3095703125 0.0771484375
1 0.82421875 0.3564453125 0.0625 0.6767578125
1 0.8974609375 0.3544921875 0.05859375 0.68359375
1 0.9599609375 0.3544921875 0.0419921875 0.67578125
1 0.427734375 0.60546875 0.2529296875 0.2001953125