1 0.5146484375 0.42578125 0.1416015625 0.431640625
1 0.7333984375 0.48046875 0.2158203125 0.4501953125
1 0.58203125 0.2421875 0.107421875 0.30859375
1 0.4296875 0.21875 0.0908203125 0.3046875
1 0.328125 0.41015625 0.15625 0.4384765625
1 0.8134765625 0.2333984375 0.0986328125 0.2978515625
1 0.171875 0.3427734375 0.142578125 0.3671875
1 0.08984375 0.51953125 0.169921875 0.40625
1 0.7001953125 0.1513671875 0.083984375 0.2578125
1 0.9189453125 0.16796875 0.0947265625 0.248046875
1 0.046875 0.255859375 0.0908203125 0.31640625
1 0.8193359375 0.5869140625 0.3525390625 0.826171875
1 0.205078125 0.7958984375 0.41015625 0.388671875
1 0.802734375 0.3076171875 0.236328125 0.1640625