1 0.50390625 0.5751953125 0.201171875 0.447265625
1 0.728515625 0.5517578125 0.27734375 0.4765625
1 0.544921875 0.7666015625 0.1484375 0.3203125
1 0.3916015625 0.7685546875 0.1328125 0.314453125
1 0.3173828125 0.5654296875 0.21484375 0.455078125
1 0.7734375 0.8076171875 0.138671875 0.30859375
1 0.1533203125 0.6103515625 0.19140625 0.3828125
1 0.1044921875 0.423828125 0.208984375 0.42578125
1 0.6494140625 0.869140625 0.119140625 0.26171875
1 0.869140625 0.8779296875 0.12890625 0.244140625
1 0.0419921875 0.6787109375 0.083984375 0.326171875
1 0.7978515625 0.45703125 0.404296875 0.8671875
1 0.248046875 0.193359375 0.4609375 0.38671875
1 0.7734375 0.732421875 0.2578125 0.1953125