1 0.5009765625 0.5751953125 0.228515625 0.451171875
1 0.275390625 0.5673828125 0.3046875 0.484375
1 0.4736328125 0.76953125 0.169921875 0.32421875
1 0.626953125 0.7607421875 0.15234375 0.31640625
1 0.6865234375 0.5517578125 0.244140625 0.4609375
1 0.2490234375 0.826171875 0.158203125 0.3125
1 0.853515625 0.5859375 0.21484375 0.388671875
1 0.8857421875 0.39453125 0.228515625 0.43359375
1 0.376953125 0.8740234375 0.13671875 0.251953125
1 0.158203125 0.890625 0.14453125 0.21875
1 0.9580078125 0.64453125 0.083984375 0.328125
1 0.2138671875 0.4814453125 0.427734375 0.880859375
1 0.7255859375 0.1904296875 0.482421875 0.380859375
1 0.244140625 0.7509765625 0.265625 0.208984375