4 0.8916015625 0.4052734375 0.033203125 0.810546875
4 0.8388671875 0.4140625 0.046875 0.76953125
6 0.1162109375 0.408203125 0.0439453125 0.79296875
4 0.4033203125 0.4013671875 0.044921875 0.779296875
4 0.3525390625 0.404296875 0.041015625 0.7802734375
4 0.7412109375 0.412109375 0.046875 0.771484375
4 0.6962890625 0.4013671875 0.052734375 0.7685546875
4 0.3056640625 0.4150390625 0.0390625 0.8134765625
4 0.451171875 0.408203125 0.0517578125 0.7880859375
4 0.5 0.40234375 0.0556640625 0.775390625
4 0.7900390625 0.412109375 0.0556640625 0.78125
4 0.59765625 0.404296875 0.052734375 0.7744140625
4 0.6435546875 0.40625 0.046875 0.779296875
4 0.5458984375 0.3984375 0.046875 0.7685546875
6 0.16015625 0.4111328125 0.046875 0.794921875
6 0.2099609375 0.423828125 0.048828125 0.8017578125
6 0.2548828125 0.50390625 0.041015625 0.962890625
4 0.623046875 0.2314453125 0.0341796875 0.4619140625
4 0.8125 0.2314453125 0.0361328125 0.462890625
4 0.7138671875 0.2265625 0.041015625 0.453125