4 0.615234375 0.5390625 0.1015625 0.458984375
4 0.45703125 0.51953125 0.09765625 0.451171875
4 0.6728515625 0.70703125 0.103515625 0.466796875
4 0.7724609375 0.5595703125 0.09765625 0.453125
4 0.92578125 0.5849609375 0.095703125 0.447265625
6 0.5146484375 0.68359375 0.1015625 0.4609375
4 0.138671875 0.470703125 0.09765625 0.453125
4 0.1953125 0.6396484375 0.10546875 0.466796875
4 0.2978515625 0.5 0.099609375 0.455078125
4 0.3544921875 0.6640625 0.1015625 0.4609375
4 0.828125 0.7275390625 0.107421875 0.466796875
6 0.044921875 0.6181640625 0.08984375 0.466796875