4 0.55859375 0.0947265625 0.8828125 0.189453125
4 0.5546875 0.1552734375 0.890625 0.259765625
4 0.5439453125 0.2294921875 0.912109375 0.263671875
4 0.537109375 0.322265625 0.92578125 0.24609375
4 0.5224609375 0.40234375 0.939453125 0.25
4 0.5048828125 0.490234375 0.9375 0.240234375
4 0.4833984375 0.568359375 0.939453125 0.2421875
4 0.4677734375 0.6533203125 0.935546875 0.248046875
4 0.482421875 0.7431640625 0.849609375 0.224609375
4 0.4482421875 0.7998046875 0.896484375 0.248046875
4 0.4384765625 0.8740234375 0.876953125 0.240234375
4 0.4443359375 0.91015625 0.888671875 0.1796875