4 0.8681640625 0.3701171875 0.173828125 0.740234375
4 0.818359375 0.369140625 0.1796875 0.73828125
6 0.1064453125 0.4765625 0.181640625 0.7890625
4 0.3876953125 0.419921875 0.1796875 0.775390625
4 0.337890625 0.431640625 0.17578125 0.775390625
4 0.72265625 0.376953125 0.1796875 0.75390625
4 0.6748046875 0.3759765625 0.185546875 0.751953125
4 0.2939453125 0.4501953125 0.1796875 0.80859375
4 0.435546875 0.41796875 0.1875 0.78515625
4 0.4833984375 0.404296875 0.189453125 0.7734375
4 0.76953125 0.3759765625 0.19140625 0.751953125
4 0.5791015625 0.388671875 0.185546875 0.771484375
4 0.6240234375 0.384765625 0.181640625 0.76953125
4 0.52734375 0.3916015625 0.1796875 0.765625
6 0.1494140625 0.4716796875 0.18359375 0.791015625
6 0.201171875 0.4755859375 0.1875 0.798828125
6 0.259765625 0.5341796875 0.20703125 0.931640625
4 0.57421875 0.2216796875 0.11328125 0.443359375
4 0.7607421875 0.2060546875 0.115234375 0.412109375
4 0.6630859375 0.2099609375 0.119140625 0.419921875