4 0.171875 0.068359375 0.28125 0.13671875
4 0.1689453125 0.15234375 0.28515625 0.154296875
4 0.466796875 0.087890625 0.283203125 0.1640625
4 0.171875 0.2451171875 0.29296875 0.142578125
4 0.4599609375 0.1689453125 0.279296875 0.162109375
4 0.1650390625 0.3330078125 0.296875 0.138671875
4 0.1748046875 0.4111328125 0.326171875 0.14453125
4 0.4541015625 0.4248046875 0.298828125 0.189453125
4 0.4541015625 0.326171875 0.267578125 0.15625
4 0.44921875 0.24609375 0.25390625 0.134765625
4 0.15625 0.51171875 0.298828125 0.205078125
4 0.798828125 0.771484375 0.3515625 0.12109375
4 0.8017578125 0.896484375 0.34765625 0.1171875
4 0.6376953125 0.5546875 0.12109375 0.310546875
4 0.1640625 0.755859375 0.328125 0.140625
4 0.75 0.5556640625 0.09765625 0.3359375
4 0.7666015625 0.2080078125 0.078125 0.35546875
4 0.6572265625 0.19921875 0.064453125 0.365234375
4 0.7119140625 0.205078125 0.07421875 0.3515625
4 0.455078125 0.7744140625 0.3125 0.09375
4 0.8310546875 0.3740234375 0.09765625 0.6796875
4 0.904296875 0.3759765625 0.09375 0.685546875
4 0.9638671875 0.3779296875 0.072265625 0.677734375
4 0.421875 0.6015625 0.263671875 0.212890625