4 0.232421875 0.3134765625 0.384765625 0.0361328125
4 0.7314453125 0.291015625 0.39453125 0.0458984375
4 0.15625 0.40625 0.177734375 0.08984375
4 0.2666015625 0.47265625 0.0595703125 0.16796875
4 0.32421875 0.455078125 0.037109375 0.216796875
4 0.3818359375 0.4453125 0.029296875 0.2236328125
4 0.4267578125 0.4560546875 0.0361328125 0.2490234375
4 0.4814453125 0.4462890625 0.0498046875 0.2470703125
4 0.6279296875 0.3662109375 0.2255859375 0.0478515625
4 0.8125 0.359375 0.115234375 0.060546875
4 0.92578125 0.4462890625 0.060546875 0.2333984375
4 0.6953125 0.439453125 0.359375 0.0380859375
4 0.7001953125 0.5166015625 0.36328125 0.052734375
4 0.6845703125 0.609375 0.453125 0.0517578125
4 0.8984375 0.6865234375 0.142578125 0.0380859375
4 0.4951171875 0.7763671875 0.9873046875 0.0703125
4 0.3349609375 0.619140625 0.1875 0.0859375
4 0.330078125 0.6943359375 0.146484375 0.083984375
4 0.06640625 0.5966796875 0.0341796875 0.244140625
4 0.1220703125 0.615234375 0.05078125 0.25
4 0.19140625 0.6181640625 0.0498046875 0.232421875