4 0.4453125 0.08984375 0.890625 0.1796875
4 0.4541015625 0.1513671875 0.908203125 0.244140625
4 0.455078125 0.2314453125 0.91015625 0.248046875
4 0.4677734375 0.3203125 0.93359375 0.23046875
4 0.482421875 0.4013671875 0.94140625 0.234375
4 0.5009765625 0.4892578125 0.94140625 0.22265625
4 0.51171875 0.5693359375 0.94140625 0.2265625
4 0.52734375 0.6552734375 0.9453125 0.232421875
4 0.576171875 0.73046875 0.84765625 0.2109375
4 0.546875 0.8017578125 0.90625 0.232421875
4 0.556640625 0.8759765625 0.88671875 0.224609375
4 0.5517578125 0.9150390625 0.896484375 0.169921875