4 0.5 0.056640625 0.9609375 0.048828125
4 0.505859375 0.1474609375 0.947265625 0.064453125
4 0.49609375 0.2255859375 0.9365234375 0.0712890625
4 0.5029296875 0.3173828125 0.94140625 0.0517578125
4 0.501953125 0.3994140625 0.9482421875 0.0546875
4 0.5029296875 0.4892578125 0.9501953125 0.04296875
4 0.498046875 0.5703125 0.951171875 0.044921875
4 0.498046875 0.658203125 0.9541015625 0.0517578125
4 0.533203125 0.7412109375 0.8583984375 0.0478515625
4 0.4990234375 0.8076171875 0.931640625 0.0556640625
4 0.5 0.8828125 0.9248046875 0.048828125
4 0.5009765625 0.9580078125 0.9765625 0.0517578125