4 0.22265625 0.328125 0.38671875 0.056640625
4 0.7197265625 0.279296875 0.396484375 0.06640625
4 0.1513671875 0.4248046875 0.181640625 0.099609375
4 0.265625 0.4853515625 0.068359375 0.169921875
4 0.322265625 0.4638671875 0.048828125 0.21875
4 0.37890625 0.451171875 0.041015625 0.224609375
4 0.4248046875 0.4599609375 0.048828125 0.25
4 0.478515625 0.447265625 0.0625 0.25
4 0.62109375 0.359375 0.228515625 0.060546875
4 0.8046875 0.3427734375 0.119140625 0.06640625
4 0.9228515625 0.423828125 0.072265625 0.236328125
4 0.69140625 0.4296875 0.361328125 0.056640625
4 0.701171875 0.505859375 0.365234375 0.072265625
4 0.6904296875 0.599609375 0.455078125 0.076171875
4 0.9072265625 0.6650390625 0.14453125 0.044921875
4 0.5068359375 0.775390625 0.986328125 0.12109375
4 0.341796875 0.6279296875 0.19140625 0.095703125
4 0.3408203125 0.703125 0.150390625 0.091796875
4 0.072265625 0.619140625 0.046875 0.24609375
4 0.12890625 0.634765625 0.064453125 0.251953125
4 0.1982421875 0.6337890625 0.0625 0.234375