4 0.7451171875 0.9453125 0.298828125 0.109375
4 0.765625 0.900390625 0.30078125 0.19921875
4 0.4599609375 0.904296875 0.302734375 0.19140625
4 0.7783203125 0.8076171875 0.306640625 0.189453125
4 0.482421875 0.8330078125 0.298828125 0.205078125
4 0.80078125 0.72265625 0.310546875 0.185546875
4 0.8046875 0.6435546875 0.33984375 0.197265625
4 0.5322265625 0.58203125 0.322265625 0.234375
4 0.5146484375 0.6787109375 0.28515625 0.19921875
4 0.505859375 0.7587890625 0.26953125 0.173828125
4 0.8388671875 0.548828125 0.322265625 0.25
4 0.2529296875 0.1806640625 0.361328125 0.177734375
4 0.271484375 0.072265625 0.35546875 0.14453125
4 0.3740234375 0.421875 0.171875 0.3203125
4 0.8525390625 0.306640625 0.294921875 0.1953125
4 0.263671875 0.4013671875 0.15234375 0.341796875
4 0.1865234375 0.7412109375 0.13671875 0.357421875
4 0.29296875 0.7685546875 0.125 0.365234375
4 0.240234375 0.75390625 0.134765625 0.353515625
4 0.591796875 0.2373046875 0.318359375 0.14453125
4 0.1513671875 0.5673828125 0.212890625 0.673828125
4 0.0927734375 0.552734375 0.185546875 0.6796875
4 0.0576171875 0.537109375 0.115234375 0.66796875
4 0.59375 0.4130859375 0.291015625 0.251953125