4 0.37890625 0.490234375 0.0859375 0.458984375
4 0.537109375 0.470703125 0.083984375 0.453125
4 0.2822265625 0.3408203125 0.087890625 0.466796875
4 0.220703125 0.5078125 0.08203125 0.455078125
4 0.06640625 0.521484375 0.080078125 0.44921875
6 0.44140625 0.3251953125 0.0859375 0.462890625
4 0.8583984375 0.4404296875 0.08203125 0.455078125
4 0.76171875 0.291015625 0.08984375 0.466796875
4 0.6962890625 0.451171875 0.083984375 0.45703125
4 0.6015625 0.3056640625 0.0859375 0.4609375
4 0.126953125 0.3583984375 0.091796875 0.466796875
6 0.9208984375 0.2734375 0.091796875 0.466796875