4 0.1005859375 0.5537109375 0.1171875 0.810546875
4 0.154296875 0.5498046875 0.126953125 0.76953125
6 0.8720703125 0.6171875 0.126953125 0.765625
4 0.5859375 0.6083984375 0.126953125 0.779296875
4 0.6357421875 0.609375 0.123046875 0.78125
4 0.2509765625 0.5625 0.126953125 0.771484375
4 0.294921875 0.5771484375 0.1328125 0.76953125
4 0.6845703125 0.5986328125 0.123046875 0.802734375
4 0.5390625 0.5966796875 0.134765625 0.7890625
4 0.490234375 0.5966796875 0.13671875 0.77734375
4 0.2021484375 0.556640625 0.13671875 0.783203125
4 0.392578125 0.5849609375 0.1328125 0.775390625
4 0.34765625 0.578125 0.12890625 0.779296875
4 0.443359375 0.5966796875 0.126953125 0.76953125
6 0.828125 0.61328125 0.12890625 0.7734375
6 0.779296875 0.6025390625 0.1328125 0.794921875
6 0.744140625 0.5205078125 0.140625 0.958984375
4 0.349609375 0.75390625 0.08203125 0.462890625
4 0.1611328125 0.734375 0.083984375 0.46484375
4 0.2587890625 0.75 0.087890625 0.455078125