4 0.208984375 0.3525390625 0.38671875 0.08984375
4 0.7001953125 0.2607421875 0.396484375 0.099609375
4 0.146484375 0.455078125 0.189453125 0.11328125
4 0.2646484375 0.505859375 0.08203125 0.173828125
4 0.3193359375 0.4794921875 0.06640625 0.220703125
4 0.375 0.4619140625 0.060546875 0.224609375
4 0.4208984375 0.466796875 0.0703125 0.251953125
4 0.474609375 0.44921875 0.083984375 0.251953125
4 0.6083984375 0.349609375 0.23046875 0.078125
4 0.7900390625 0.3173828125 0.123046875 0.076171875
4 0.9140625 0.3876953125 0.091796875 0.240234375
4 0.6845703125 0.4130859375 0.361328125 0.087890625
4 0.7001953125 0.48828125 0.3671875 0.103515625
4 0.6982421875 0.5830078125 0.455078125 0.115234375
4 0.9208984375 0.62890625 0.146484375 0.056640625
4 0.51953125 0.7734375 0.9609375 0.20703125
4 0.353515625 0.640625 0.197265625 0.111328125
4 0.3583984375 0.7158203125 0.15625 0.103515625
4 0.083984375 0.65625 0.068359375 0.24609375
4 0.1416015625 0.6669921875 0.0859375 0.25390625
4 0.2109375 0.66015625 0.08203125 0.236328125