4 0.619140625 0.4775390625 0.0390625 0.45703125
4 0.4599609375 0.474609375 0.0361328125 0.451171875
4 0.7001953125 0.3193359375 0.0400390625 0.46484375
4 0.7783203125 0.478515625 0.0341796875 0.453125
4 0.93359375 0.4755859375 0.0341796875 0.447265625
6 0.5400390625 0.3203125 0.0380859375 0.4609375
4 0.1376953125 0.478515625 0.03515625 0.453125
4 0.2177734375 0.3193359375 0.041015625 0.46484375
4 0.2998046875 0.4716796875 0.0361328125 0.455078125
4 0.37890625 0.3173828125 0.037109375 0.4599609375
4 0.8564453125 0.3203125 0.04296875 0.46484375
6 0.0576171875 0.318359375 0.04296875 0.46484375